1403636580.013556 0.0000000 0.0000000 0.0000000 0.0000000 0.0000000 0.0000000 1.0000000
1403636580.363555 -0.0015510 0.0408606 0.0118034 -0.0226780 -0.0018785 0.0007154 0.9997408
1403636580.463556 -0.0019864 0.0482239 0.0130212 -0.0388251 -0.0021731 -0.0009957 0.9992431
1403636580.663555 -0.0028007 0.0422703 0.0102421 -0.0551542 -0.0052524 -0.0001511 0.9984640
1403636585.163555 -0.0002481 -0.0696930 -0.0170726 0.0311497 0.0474870 -0.0056051 0.9983703
1403636586.613555 0.0037182 0.0020268 -0.0204152 -0.1885042 0.0353219 0.0141139 0.9813355
1403636586.863555 0.0092957 -0.0003332 -0.0203566 -0.1750926 0.0291414 0.0151132 0.9840046
1403636588.113555 0.0824461 -0.0055536 -0.0043119 -0.1872966 0.0592378 0.0330034 0.9799600
1403636588.463556 0.0911208 -0.0032395 -0.0031764 -0.1828720 0.0550956 0.0363688 0.9809178
1403636588.963556 0.0593611 -0.0030999 -0.0093907 -0.1853036 0.0428659 0.0309060 0.9812593
1403636590.013556 -0.0605857 0.0036456 -0.0225584 -0.1842031 -0.0139315 0.0079361 0.9827574
1403636590.763556 -0.0333679 0.0001445 -0.0264135 -0.1719556 0.0045436 0.0034034 0.9850883
1403636591.513556 0.0427282 0.0019774 -0.0154488 -0.1840202 0.0207671 0.0196422 0.9825068
1403636592.163555 0.0606856 -0.0005771 0.0038555 -0.1339052 0.0921455 0.0411542 0.9858422
1403636593.513556 -0.0420476 0.0018793 0.0037229 -0.1612008 -0.1121317 -0.0109864 0.9804693
1403636593.663555 -0.0407927 0.0101520 -0.0123103 -0.1717707 -0.0954668 0.0011256 0.9804997
1403636593.813555 -0.0304640 0.0173623 -0.0259953 -0.1808025 -0.0555349 0.0200799 0.9817449
1403636593.963556 -0.0127385 0.0213571 -0.0351152 -0.1690072 0.0016770 0.0453074 0.9845715
1403636594.113555 0.0083789 0.0219095 -0.0394176 -0.1573337 0.0609217 0.0631818 0.9836375
1403636594.263556 0.0314461 0.0209136 -0.0347940 -0.1576611 0.1035257 0.0760874 0.9790996
1403636594.463556 0.0598851 0.0148852 -0.0175720 -0.1519321 0.1326410 0.0702709 0.9769263
1403636594.613555 0.0749214 0.0082171 0.0007055 -0.1360541 0.1337878 0.0668069 0.9793503
1403636594.763556 0.0760265 0.0020948 0.0180557 -0.1279372 0.1229277 0.0654867 0.9819533
1403636596.213556 0.0381553 0.0329459 -0.0316665 -0.1574022 0.0553981 0.0244413 0.9856765
1403636596.463556 0.0190399 0.0353165 -0.0561377 -0.1462115 0.0613072 0.0293629 0.9869151
1403636596.613555 0.0051179 0.0364464 -0.0691774 -0.1414636 0.0578726 0.0210488 0.9880262
1403636596.763556 -0.0033589 0.0371805 -0.0744720 -0.1441709 0.0551773 0.0167799 0.9878708
1403636597.113555 0.0039813 0.0288407 -0.0428174 -0.1497014 0.0558348 0.0046046 0.9871427
1403636598.363555 -0.0054852 0.0272528 -0.0139208 -0.1694403 -0.0673569 -0.0572312 0.9815689
1403636598.563555 0.0006371 0.0329652 -0.0074600 -0.1631828 -0.0624518 -0.0605158 0.9827558
1403636598.763556 0.0055489 0.0338839 0.0111743 -0.1274333 -0.0840659 -0.0580917 0.9865693
1403636599.113555 0.0110062 0.0433118 0.0407241 -0.0582067 -0.1027426 -0.0473655 0.9918732
1403636624.563555 0.0182165 0.0526674 0.0577474 0.0118874 -0.0782986 -0.0199560 0.9966593
1403636624.713556 0.0222524 0.0536707 0.0558569 0.0137024 -0.0737407 -0.0281623 0.9967856
1403636624.813555 0.0260264 0.0546504 0.0537887 0.0133948 -0.0704853 -0.0379274 0.9967015
1403636624.963556 0.0325625 0.0542248 0.0481354 -0.0024787 -0.0629916 -0.0611610 0.9961352
1403636625.113555 0.0370980 0.0489368 0.0407275 -0.0195170 -0.0607132 -0.0707500 0.9954534
1403636625.563555 0.0386854 0.0369108 0.0331642 -0.0188262 -0.0710350 -0.0559183 0.9957272
1403636626.313555 0.0244780 -0.0311920 0.0341033 0.0134048 -0.0868545 -0.0299013 0.9956819
1403636627.613555 0.0538136 -0.0438419 0.0218125 0.0085604 -0.0790701 -0.0448399 0.9958233
1403636628.213556 0.0730485 -0.0448507 0.0255120 0.0018400 -0.0279168 -0.0315565 0.9991103
1403636629.663555 0.1628694 -0.0920643 0.0657597 -0.0033759 0.0543140 0.0144087 0.9984142
1403636629.913555 0.1899670 -0.0838085 0.0865988 -0.0200364 0.1078453 0.0276069 0.9935823
1403636630.063555 0.2079200 -0.0825893 0.1002488 -0.0188209 0.1306600 0.0339426 0.9906673
1403636630.863555 0.2990663 -0.1325152 0.1695738 -0.0021567 0.1440222 0.0269827 0.9892042
1403636633.163555 0.4645241 -0.1842555 0.4253863 -0.0007589 0.0359148 -0.0184519 0.9991842
1403636633.513556 0.4805875 -0.1915551 0.4739427 -0.0105818 0.0186502 -0.0120710 0.9996972
1403636635.313555 0.5980180 -0.3047731 0.7830892 -0.0071400 -0.0104400 -0.0297417 0.9994776
1403636635.563555 0.6103473 -0.3207312 0.8279513 -0.0107670 -0.0155854 -0.0194879 0.9996306
1403636635.713556 0.6189216 -0.3362041 0.8545135 -0.0078777 -0.0153158 -0.0168185 0.9997102
1403636635.863555 0.6281740 -0.3562634 0.8805525 0.0019513 -0.0169778 -0.0062985 0.9998341
1403636636.163555 0.6529750 -0.3994627 0.9329243 -0.0132794 -0.0104500 -0.0171882 0.9997095
1403636636.663555 0.6983873 -0.4746713 1.0161679 0.0304113 -0.0011080 -0.0449410 0.9985260
1403636636.863555 0.7127656 -0.4879798 1.0460351 0.0282494 0.0044498 -0.0621638 0.9976562
1403636637.613555 0.7257871 -0.5086764 1.1361710 -0.0049275 -0.0165454 -0.0323125 0.9993287
1403636638.213556 0.7252659 -0.5601873 1.1995717 0.0116860 -0.0212858 -0.0325207 0.9991760
1403636638.463556 0.7253557 -0.5605394 1.2296300 -0.0166317 -0.0270986 -0.0185804 0.9993217
1403636638.663555 0.7286083 -0.5611376 1.2578107 -0.0304115 -0.0269036 -0.0206464 0.9989620
1403636639.263556 0.7490239 -0.6072975 1.3552531 -0.0077042 -0.0361224 0.0008801 0.9993173
1403636639.463556 0.7642086 -0.6085001 1.3968644 -0.0074027 -0.0277670 -0.0222393 0.9993396
1403636642.013556 0.9048485 -0.6878779 1.7263407 0.0146972 -0.0511051 -0.0436127 0.9976323
1403636642.813555 0.9355931 -0.6988755 1.7615850 -0.0045851 -0.0025133 -0.0231295 0.9997188
1403636643.113555 0.9456561 -0.7039808 1.7738631 -0.0002552 -0.0027919 -0.0204175 0.9997876
1403636644.113555 0.9907766 -0.7467746 1.8365935 -0.0320678 -0.0068841 -0.0275654 0.9990818
1403636644.513556 1.0119048 -0.7616401 1.8986551 0.0128483 -0.0176159 0.0046891 0.9997513
1403636644.663555 1.0241034 -0.7601120 1.9247500 0.0180257 -0.0175850 0.0058787 0.9996656
1403636645.463556 1.1102347 -0.7471757 2.0526023 -0.0295625 0.0001505 -0.0239823 0.9992752
1403636646.013556 1.1611315 -0.7855148 2.1763151 -0.0113949 0.0033123 -0.0173077 0.9997798
1403636646.163555 1.1768671 -0.8065454 2.2103014 -0.0008184 0.0203629 -0.0011897 0.9997916
1403636647.013556 1.2863165 -0.9090111 2.3714662 0.0208637 0.1519701 0.0363686 0.9874954
1403636647.213556 1.3109884 -0.9281259 2.3952389 0.0094781 0.1519663 0.0356908 0.9876956
1403636647.463556 1.3416375 -0.9460155 2.4268706 0.0163810 0.1460380 0.0392890 0.9883627
1403636647.663555 1.3674619 -0.9569533 2.4489095 0.0305071 0.1412848 0.0442524 0.9885088
1403636647.913555 1.4020690 -0.9694614 2.4670277 0.0237656 0.1535671 0.0420749 0.9869559
1403636649.763556 1.6602182 -1.0204833 2.4817905 0.0263435 0.3404299 0.1032093 0.9342170
1403636650.013556 1.6868529 -1.0376910 2.4672041 0.0285502 0.3568563 0.1028185 0.9280446
1403636650.513556 1.7292651 -1.0312109 2.4408789 0.0176853 0.4422864 0.1384123 0.8859527
1403636650.963556 1.7572274 -1.0093446 2.4102879 0.0176525 0.4897588 0.1541800 0.8579355
1403636652.713556 1.7581793 -0.9175110 2.2296793 -0.0128260 0.6396654 0.2392147 0.7303698
1403636653.063555 1.7693386 -0.9070053 2.1793649 -0.0083897 0.6467815 0.2315210 0.7266369
1403636653.513556 1.7954307 -0.8866879 2.1231074 0.0106057 0.6412156 0.2050875 0.7393708
1403636654.063555 1.8097960 -0.8752546 2.0640295 0.0199794 0.6343721 0.2025969 0.7457395
1403636654.513556 1.8039708 -0.8579251 2.0194714 0.0130682 0.6734354 0.2191167 0.7059050
1403636655.463556 1.7601852 -0.8247063 1.9347878 0.0316144 0.7299580 0.2326389 0.6419042
1403636655.563555 1.7507422 -0.8206367 1.9258963 0.0289689 0.7361901 0.2394028 0.6323538
1403636656.063555 1.6984904 -0.7753103 1.8885810 0.0193429 0.7737325 0.2846667 0.5656224
1403636656.263556 1.6778359 -0.7609985 1.8673568 0.0110980 0.7852401 0.2877288 0.5481669
1403636656.363555 1.6681085 -0.7571673 1.8539813 0.0090544 0.7867782 0.2901670 0.5447028
1403636656.563555 1.6510781 -0.7546193 1.8254014 0.0061756 0.7876263 0.2886214 0.5443384
1403636656.963556 1.6208664 -0.7427423 1.7692420 0.0230583 0.7936051 0.2557851 0.5515735
1403636657.613555 1.5407839 -0.6980053 1.6977690 0.0238619 0.7798676 0.2867567 0.5558847
1403636657.813555 1.5114813 -0.6788244 1.6737107 0.0262602 0.7815117 0.2891409 0.5522204
1403636657.963556 1.4905345 -0.6620315 1.6530490 0.0304452 0.7798007 0.3006985 0.5482376
1403636658.263556 1.4473459 -0.6369019 1.6008137 0.0087617 0.7882149 0.2897609 0.5428436
1403636658.413555 1.4284158 -0.6225882 1.5712504 0.0016780 0.7901220 0.2875212 0.5413279
1403636658.663555 1.4011772 -0.5960768 1.5260981 -0.0126028 0.7942209 0.2788730 0.5397075
1403636658.763556 1.3917025 -0.5851349 1.5093638 -0.0142839 0.7962038 0.2739953 0.5392421
1403636659.163555 1.3654598 -0.5384637 1.4561661 0.0083511 0.8015183 0.2596660 0.5385835
1403636659.313555 1.3542979 -0.5194668 1.4420046 0.0092721 0.8008288 0.2609548 0.5389711
1403636659.413555 1.3454827 -0.5090706 1.4336327 0.0039126 0.7987391 0.2665356 0.5394065
1403636659.813555 1.3162494 -0.4778814 1.4024863 0.0012914 0.8009151 0.2652555 0.5368174
1403636660.113555 1.2965252 -0.4458475 1.3929800 -0.0094849 0.7981508 0.2806588 0.5330065
1403636660.213556 1.2910821 -0.4338297 1.3916302 -0.0118566 0.7972714 0.2840398 0.5324839
1403636660.813555 1.2957541 -0.3781717 1.3828858 -0.0163167 0.8048695 0.2617208 0.5323731
1403636661.163555 1.3151675 -0.3396221 1.3974590 -0.0018625 0.8062724 0.2562956 0.5331358
1403636661.313555 1.3224351 -0.3254402 1.4092919 0.0045239 0.8056773 0.2576806 0.5333520
1403636661.463556 1.3281555 -0.3164191 1.4208937 0.0056568 0.8051847 0.2583402 0.5337657
1403636662.563555 1.3197654 -0.3440638 1.5048673 -0.0072511 0.7996253 0.2745456 0.5340144
1403636662.763556 1.3150252 -0.3455099 1.5243940 0.0175182 0.7943544 0.2910234 0.5329161
1403636663.163555 1.3061970 -0.3341996 1.5553558 0.0220468 0.7863402 0.3159094 0.5304567
1403636663.713556 1.3170881 -0.2995787 1.5668911 -0.0408448 0.7925443 0.2997460 0.5294880
1403636664.013556 1.3539054 -0.2864315 1.5743351 -0.0496930 0.8031106 0.2599673 0.5338174
1403636664.313555 1.4083887 -0.2950153 1.5953423 -0.0159190 0.8018156 0.2515807 0.5417984
1403636664.713556 1.4809335 -0.2876849 1.6523590 0.0121814 0.7909431 0.2557370 0.5557511
1403636664.913555 1.5118412 -0.2913414 1.6828836 0.0046222 0.7868651 0.2554218 0.5617666
1403636665.313555 1.5706156 -0.3208613 1.7416332 0.0118677 0.7758890 0.2743220 0.5679814
1403636665.513556 1.5996438 -0.3375389 1.7665631 0.0019196 0.7789259 0.2670527 0.5674096
1403636666.313555 1.7070581 -0.4088373 1.8793333 0.0211027 0.7862048 0.2622726 0.5591511
1403636666.563555 1.7297382 -0.4202899 1.9155971 0.0235227 0.7812231 0.2697632 0.5624633
1403636666.813555 1.7468539 -0.4395032 1.9456304 -0.0001060 0.7760088 0.2773597 0.5664644
1403636667.063555 1.7676598 -0.4567354 1.9749888 0.0127754 0.7642493 0.3051177 0.5680342
1403636668.713556 1.9321601 -0.4644888 2.1233950 -0.0101498 0.7855919 0.2719221 0.5556985
1403636668.913555 1.9597251 -0.4604371 2.1446974 -0.0206166 0.7940268 0.2507386 0.5533773
1403636669.563555 2.0424941 -0.4832037 2.2383711 0.0123463 0.7961857 0.2478641 0.5518146
1403636669.763556 2.0607443 -0.4894944 2.2751207 0.0240670 0.7996150 0.2333222 0.5528086
1403636670.163555 2.0657806 -0.5204354 2.3436542 0.0698649 0.7738113 0.2869875 0.5603331
1403636670.363555 2.0543284 -0.5345795 2.3639493 0.1000072 0.7619692 0.2897169 0.5704960
1403636670.813555 1.9858048 -0.5476784 2.3537674 0.1054398 0.7062828 0.2875697 0.6382403
1403636671.563555 1.7681649 -0.5199195 2.1091373 -0.0007532 0.5870551 0.2106565 0.7816582
1403636673.863555 1.6516120 -0.4492652 1.7496576 -0.0128210 0.5193370 0.1501515 0.8411773
1403636676.713556 1.9448704 -0.4914541 2.2313712 -0.0064087 0.2577276 0.0603948 0.9643070
1403636676.963556 1.9601256 -0.5159854 2.2860644 0.0023198 0.2312286 0.0724420 0.9701959
1403636677.213556 1.9783661 -0.5241166 2.3433738 0.0015956 0.2354398 0.0511682 0.9705397
1403636679.413555 1.9896841 -0.6256141 2.6070464 0.0181447 -0.1864357 -0.0888138 0.9782764
1403636679.813555 1.9728550 -0.6444635 2.6134560 0.0130575 -0.2487874 -0.1113861 0.9620433
1403636680.013556 1.9679626 -0.6625328 2.6100645 0.0287563 -0.2484499 -0.1279080 0.9597319
1403636680.313555 1.9572531 -0.6875823 2.5932198 0.0403795 -0.2369507 -0.1476134 0.9593926
1403636680.763556 1.9189100 -0.6854864 2.5420983 0.0216344 -0.2260277 -0.1435636 0.9632409
1403636681.213556 1.8564192 -0.6561813 2.4807279 -0.0196643 -0.2314527 -0.1174753 0.9655271
1403636681.663555 1.7904876 -0.6349110 2.4317114 0.0146703 -0.2370455 -0.1185521 0.9641263
1403636681.963556 1.7441374 -0.6206836 2.3932567 0.0173550 -0.2411562 -0.1199284 0.9628913
1403636683.263556 1.5572711 -0.5660842 2.2002354 0.0188969 -0.2371713 -0.1161737 0.9643114
1403636683.563555 1.5158112 -0.5381590 2.1516726 0.0156519 -0.2438501 -0.1126777 0.9631178
1403636684.363555 1.4111866 -0.4899446 2.0136080 0.0129998 -0.2569147 -0.1123706 0.9597909
1403636687.863555 1.1289195 -0.2497225 1.4672997 0.0115260 -0.2563368 -0.1061102 0.9606764
1403636688.113555 1.1183728 -0.2163801 1.4455603 0.0140632 -0.2521403 -0.1185147 0.9603029
1403636688.363555 1.1088490 -0.1892032 1.4191893 0.0117504 -0.2544873 -0.1133489 0.9603385
1403636688.963556 1.0786191 -0.1187940 1.3566219 0.0063249 -0.2603728 -0.1309140 0.9565707
1403636689.163555 1.0619321 -0.1037708 1.3308764 -0.0029556 -0.2754558 -0.1269916 0.9528843
1403636689.663555 1.0168464 -0.1018960 1.2683346 -0.0165331 -0.2921422 -0.1266126 0.9478127
1403636690.063555 0.9798043 -0.1118401 1.2416130 -0.0274366 -0.2961985 -0.1017676 0.9492929
1403636690.263556 0.9638500 -0.1168340 1.2416481 -0.0251373 -0.2867854 -0.1199638 0.9501215
1403636690.513556 0.9438672 -0.1331291 1.2472366 -0.0210482 -0.2856319 -0.1193442 0.9506463
1403636690.763556 0.9240972 -0.1459197 1.2634532 -0.0212573 -0.2978151 -0.0838200 0.9506990
1403636690.963556 0.9155751 -0.1459439 1.2871965 -0.0029047 -0.3073965 -0.0570167 0.9498674
1403636691.913555 1.0400486 -0.2185234 1.3691859 0.0111820 -0.2969854 -0.1285221 0.9461272
1403636692.963556 1.2231470 -0.3371529 1.3709949 0.0055728 -0.2745281 -0.1642469 0.9474314
1403636693.363555 1.2616640 -0.3714446 1.3594300 -0.0127386 -0.2860755 -0.1417514 0.9475785
1403636693.713556 1.2782369 -0.3849630 1.3617376 -0.0413327 -0.2885234 -0.1401618 0.9462560
1403636694.463556 1.2807586 -0.4176028 1.4095122 0.0036780 -0.2971150 -0.1292737 0.9460431
1403636695.763556 1.2958391 -0.4480097 1.4914501 0.0103984 -0.2804833 -0.1304292 0.9508992
1403636697.013556 1.2993994 -0.4314159 1.5350667 0.0187867 -0.2704949 -0.1360706 0.9528716
1403636697.513556 1.2854271 -0.4321489 1.5065632 0.0065455 -0.2682652 -0.1358112 0.9537013
1403636698.313555 1.2234628 -0.4281273 1.4380653 0.0035010 -0.1676282 -0.0925444 0.9814907
1403636699.863555 1.0932318 -0.3532630 1.3677875 0.0014933 0.2029399 0.0762665 0.9762154
1403636701.263556 1.1448781 -0.2459514 1.3332824 -0.0111511 0.2844359 0.0936238 0.9540474
1403636701.913555 1.1943729 -0.2509312 1.3114369 0.0065419 0.2893791 0.0892492 0.9530223
1403636702.563555 1.2511214 -0.2086768 1.3103410 -0.0057881 0.3824533 0.1210150 0.9159974
1403636703.113555 1.3015158 -0.1532589 1.3376241 -0.0072475 0.3846266 0.1258115 0.9144295
1403636703.663555 1.3613882 -0.1474965 1.3557326 0.0026892 0.3830955 0.1192794 0.9159711
1403636704.213556 1.4205790 -0.1428185 1.3674601 0.0058198 0.3725370 0.1252268 0.9195110
1403636704.763556 1.4852067 -0.1391811 1.3837830 -0.0255375 0.3707638 0.1190766 0.9207078
1403636705.263556 1.5595901 -0.1361916 1.4359540 -0.0136261 0.3700408 0.1065544 0.9227840
1403636705.713556 1.6339574 -0.1494920 1.5062989 -0.0174048 0.3691233 0.1107071 0.9225990
1403636706.113555 1.6976931 -0.1669600 1.5793864 0.0201264 0.3583656 0.1327575 0.9238747
1403636707.013556 1.8438174 -0.2040605 1.7219729 -0.0130234 0.3693606 0.1054556 0.9231914
1403636711.013556 2.1981068 -0.4133431 2.4836223 0.0114383 0.2846786 0.0673653 0.9561847
1403636711.413555 2.1837573 -0.4291478 2.5387390 0.0206778 0.2625232 0.0537142 0.9632075
1403636711.963556 2.1306791 -0.4592912 2.5865083 0.0303167 0.2673398 0.0683514 0.9606968
1403636712.763556 2.0148408 -0.5209650 2.5783155 0.0409280 0.2121082 0.0386877 0.9756220
1403636713.713556 1.8385934 -0.5620337 2.4781389 0.0187149 0.1973179 0.0641736 0.9780579
1403636714.163555 1.7709519 -0.5643387 2.4128830 0.0130303 0.2092002 0.0594471 0.9759772
1403636715.063555 1.6757762 -0.5290244 2.2961252 -0.0134420 0.1118382 0.0155420 0.9935139
1403636717.013556 1.6038443 -0.4925041 2.1161623 0.0119768 0.0371076 -0.0080581 0.9992070
1403636717.613555 1.5858889 -0.4718959 2.0377989 0.0105505 -0.0201595 -0.0529435 0.9983382
1403636718.213556 1.5325507 -0.4354774 1.9590483 0.0091911 -0.0824521 -0.0688203 0.9941735
1403636718.763556 1.4611197 -0.3864253 1.8932416 -0.0009699 -0.1662718 -0.0616864 0.9841481
1403636720.563555 1.3246136 -0.2562801 1.6992979 0.0013895 -0.1605038 -0.0700679 0.9845441
1403636721.013556 1.3155178 -0.2426126 1.6597645 0.0034535 -0.1351437 -0.0606436 0.9889624
1403636722.063555 1.3279862 -0.2012295 1.5828024 0.0126408 -0.0394670 -0.0446349 0.9981434
1403636723.013556 1.3286728 -0.1651484 1.4972239 0.0097003 -0.0295622 -0.0372835 0.9988202
1403636728.213556 1.2208542 -0.2370963 1.0573660 0.0163244 0.0929118 0.0000495 0.9955405
1403636729.113555 1.1578258 -0.2258019 0.9719371 0.0216494 0.0370355 -0.0198825 0.9988816
1403636729.913555 1.0935680 -0.2002451 0.8724426 0.0084738 0.0240787 -0.0176325 0.9995186
1403636730.713556 1.0267968 -0.1627732 0.7838235 -0.0161615 0.0201283 -0.0154876 0.9995468
1403636731.463556 0.9836396 -0.1707533 0.7455113 0.0109200 0.0219153 -0.0078136 0.9996697
1403636733.113555 0.9681167 -0.0993387 0.6667163 0.0210240 0.0202305 -0.0267813 0.9992154
1403636734.563555 0.8501602 -0.0848303 0.4696306 0.0038512 0.0109171 -0.0190753 0.9997510
1403636736.763556 0.6948214 -0.0993092 0.3047244 0.0134723 -0.0261133 -0.0529251 0.9981661
1403636737.413555 0.6372431 -0.0732553 0.2735849 0.0058803 -0.0479448 -0.0395652 0.9980487
1403636737.863555 0.5984750 -0.0758834 0.2476502 -0.0059550 -0.0566611 -0.0252671 0.9980559
1403636740.413555 0.6565807 -0.0463810 0.2639573 0.0111885 0.2321423 0.0599438 0.9707685
1403636741.063555 0.6848314 0.0038012 0.2755238 0.0125728 0.2277109 0.0434346 0.9726783
1403636741.563555 0.6970633 0.0644522 0.2845493 -0.0022478 0.2434912 0.0826725 0.9663706
1403636742.163555 0.7134382 0.1105980 0.2931074 -0.0120338 0.2420542 0.0604431 0.9683034
1403636743.363555 0.7490201 0.1572591 0.3426237 -0.0325285 0.2399721 0.0860060 0.9664152
1403636743.863555 0.7876883 0.1701750 0.3935779 0.0042035 0.2562039 0.0770671 0.9635365
1403636744.413555 0.8317800 0.2227426 0.4685676 0.0213513 0.2841853 0.0928052 0.9540283
1403636744.963556 0.8720350 0.3124989 0.5327625 0.0195550 0.2845960 0.0874364 0.9544514
1403636745.513556 0.9100866 0.3601797 0.5675242 0.0190584 0.2694275 0.0761678 0.9598146
1403636746.113555 0.9381062 0.3509977 0.5796140 0.0136343 0.3064842 0.0680019 0.9493457
1403636746.713556 0.9127961 0.3227649 0.5823799 -0.0060809 0.2964914 0.0976289 0.9500129
1403636747.663555 0.8850881 0.2738242 0.6143926 0.0049594 0.3003891 0.0843989 0.9500624
1403636750.213556 0.8925654 0.0932031 0.6536539 0.0312565 0.3141131 0.0852888 0.9450300
1403636750.913555 0.8588849 0.0310477 0.6052878 0.0112509 0.2966564 0.0784239 0.9516922
1403636751.663555 0.8117794 -0.0561990 0.5572529 0.0137067 0.2847473 0.1051634 0.9527181
1403636752.413555 0.8092040 -0.1210029 0.5309960 0.0166455 0.2504592 0.0701519 0.9654387
1403636753.163555 0.8057316 -0.1692444 0.5126352 0.0044333 0.0942965 -0.0084209 0.9954987
1403636753.963556 0.7685897 -0.1662249 0.5093755 0.0133503 0.0065951 -0.0292005 0.9994627
1403636755.363555 0.6229221 -0.1502384 0.4137918 0.0045647 -0.0634148 -0.0584744 0.9962623
1403636756.013556 0.5278884 -0.1365621 0.3501392 0.0098646 -0.0601618 -0.0527447 0.9967453
1403636757.113555 0.3525402 -0.1096033 0.2297536 0.0187601 -0.0693821 -0.0517476 0.9960704
1403636757.613555 0.2745938 -0.0808387 0.1625094 0.0006118 -0.0748100 -0.0650708 0.9950723
1403636758.113555 0.1868807 -0.0842226 0.0975929 0.0003888 -0.1037953 -0.0645102 0.9925043
1403636758.563555 0.1095045 -0.0765242 0.0573310 -0.0266472 -0.1138066 -0.0433133 0.9922006
1403636759.363555 0.0217581 -0.0427636 0.0448580 0.0101580 -0.1226190 -0.0167576 0.9922603
1403636759.713556 0.0160846 -0.0170174 0.0462588 0.0158208 -0.1107899 -0.0582083 0.9920117
1403636761.663555 -0.0119194 0.0482333 0.0215672 0.0094098 -0.1113602 -0.0615742 0.9918261
1403636761.963556 -0.0224458 0.0436765 0.0223415 0.0080445 -0.1152864 -0.0456826 0.9922487
1403636762.263556 -0.0273116 0.0389181 0.0207109 0.0004558 -0.0978198 -0.0866162 0.9914276
1403636762.563555 -0.0418762 0.0424317 0.0229428 -0.0149774 -0.1129668 -0.0411536 0.9926332
1403636763.263556 -0.0395711 0.0612607 0.0326380 0.0179397 -0.0739590 -0.0100424 0.9970493